Log<2,8>::value = 3
Log<-2,-8>::value = 3
Log<10,100>::value = 2
Log<10,1000>::value = 3
Log<10,10000>::value = 4
Log<10,100000>::value = 5
Log<10,1000000>::value = 6
Log<10,1000000000>::value = 9
Log<10,1000000000000>::value = 12
Log<10,1000000000000000>::value = 15
Log<10,1000000000000000000>::value = 18
Log<2,1152921504606846976>::value = 60
