Pow<2,3>::value = 8
Pow<-2,3>::value = -8
Pow<10,2>::value = 100
Pow<10,3>::value = 1000
Pow<10,4>::value = 10000
Pow<10,5>::value = 100000
Pow<10,6>::value = 1000000
Pow<10,9>::value = 1000000000
Pow<10,12>::value = 1000000000000
Pow<10,15>::value = 1000000000000000
Pow<10,18>::value = 1000000000000000000
Pow<2,60>::value = 1152921504606846976
